0 0.30410356619443085 0.2021978021978022 0.6082071323888617 0.22857142857142856
0 0.058866634098680995 0.536996336996337 0.11773326819736199 0.08058608058608059
0 0.15559355153883733 0.40805860805860805 0.08255984367366878 0.21978021978021978
0 0.6617000488519785 0.2893772893772894 0.1617000488519785 0.5787545787545788
0 0.8236443575964827 0.367032967032967 0.3517342452369321 0.2139194139194139
0 0.9433317049340498 0.6754578754578755 0.11235955056179775 0.44835164835164837
0 0.8014167073766487 0.8216117216117216 0.3092330239374695 0.12527472527472527
0 0.46873473375671715 0.654945054945055 0.23595505617977527 0.18461538461538463
0 0.2427943331704934 0.6124542124542125 0.24816805080605764 0.25934065934065936
0 0.33829995114802147 0.8706959706959707 0.03663898387884709 0.2468864468864469
0 0.2220322423058134 0.8157509157509157 0.2330239374694675 0.05201465201465202
0 0.6157791890571568 0.7871794871794872 0.06204201270151441 0.41684981684981687